0 385 707
1 340 705
2 297 707
3 248 690
4 230 646
5 229 602
6 250 555
7 209 514
8 167 535
9 121 535
10 75 516
11 58 469
12 58 426
13 58 686
14 58 344
15 58 303
16 74 253
17 120 233
18 165 233
19 211 252
20 250 215
21 230 167
22 230 125
23 250 78
24 298 64
25 338 59
26 383 61
27 427 61
28 470 61
29 517 76
30 539 124
31 539 167
32 519 213
33 558 253
34 605 234
35 646 234
36 692 252
37 707 299
38 708 342
39 707 383
40 708 428
41 708 469
42 693 516
43 647 535
44 605 536
45 557 516
46 518 554
47 538 602
48 538 645
49 518 690
50 472 707
51 427 706
52 383 645
53 383 601
54 383 559
55 381 517
56 382 472
57 646 384
58 604 384
59 560 384
60 517 384
61 473 384
62 384 295
63 384 253
64 384 211
65 384 166
66 384 122
67 120 383
68 165 383
69 208 383
70 254 383
71 295 383
72 547 17
73 750 543
74 220 754
75 11 217
76 384 347
77 422 386
78 385 423
79 345 385


0 387 714
1 342 712
2 299 714
3 250 697
4 232 653
5 231 609
6 252 562
7 211 521
8 169 542
9 123 542
10 77 523
11 60 476
12 60 433
13 60 693
14 60 351
15 60 310
16 76 260
17 122 240
18 167 240
19 213 259
20 252 222
21 232 174
22 232 132
23 252 85
24 300 71
25 340 66
26 385 68
27 429 68
28 472 68
29 519 83
30 541 131
31 541 174
32 521 220
33 560 260
34 607 241
35 648 241
36 694 259
37 709 306
38 710 349
39 709 390
40 710 435
41 710 476
42 695 523
43 649 542
44 607 543
45 559 523
46 520 561
47 540 609
48 540 652
49 520 697
50 474 714
51 429 713
52 385 652
53 385 608
54 385 566
55 383 524
56 384 479
57 648 391
58 606 391
59 562 391
60 519 391
61 475 391
62 386 302
63 386 260
64 386 218
65 386 173
66 386 129
67 122 390
68 167 390
69 210 390
70 256 390
71 297 390
72 549 24
73 752 550
74 222 761
75 13 224
76 386 354
77 424 393
78 387 430
79 347 392
